/*======================================================================*/
/*  4GV - Fourth Generation Vocoder Speech Service Option for             */
/*  Wideband Spread Spectrum Digital System                             */
/*  C Source Code Simulation                                            */
/*                                                                      */
/*  Copyright (C) 1999 Qualcomm Incorporated. All rights                */
/*  reserved.                                                           */
/*----------------------------------------------------------------------*/

static double A_AmpCB2[256][9] = {
{ 0.9518 , 0.8934 , 1.1136 , 0.9626 , 1.5801 , 0.9717 , 0.8721 , 0.8277 , 0.6598 ,},
{ 0.8218 , 0.8892 , 0.8805 , 1.0196 , 0.8631 , 1.4381 , 0.8596 , 1.0094 , 0.8066 ,},
{ 0.4499 , 0.3706 , 0.6045 , 1.1117 , 1.0442 , 1.0322 , 0.7631 , 0.8626 , 1.3260 ,},
{ 0.3272 , 0.4787 , 0.5716 , 0.9858 , 0.9819 , 1.0748 , 1.1147 , 1.2698 , 0.8215 ,},
{ 0.8449 , 0.8515 , 0.8712 , 0.9853 , 1.1661 , 1.0091 , 1.1755 , 1.0689 , 0.6607 ,},
{ 0.5320 , 0.7883 , 0.9769 , 0.7940 , 1.5125 , 0.7609 , 0.7386 , 0.7156 , 1.2080 ,},
{ 0.5033 , 0.8386 , 1.1265 , 1.1490 , 0.9316 , 0.9989 , 1.0428 , 1.1088 , 0.7956 ,},
{ 0.6633 , 0.8334 , 1.1119 , 1.3742 , 1.2421 , 1.1645 , 0.6007 , 0.5998 , 0.9259 ,},
{ 1.0375 , 1.0970 , 0.9204 , 0.6880 , 0.9089 , 1.1577 , 0.5624 , 1.2512 , 0.8657 ,},
{ 0.6075 , 0.4767 , 0.5175 , 0.9547 , 1.0962 , 0.9920 , 1.5400 , 0.8748 , 0.7099 ,},
{ 0.5650 , 0.4654 , 1.1969 , 1.0675 , 1.2423 , 0.8802 , 1.0174 , 1.1357 , 0.6205 ,},
{ 1.0399 , 0.8081 , 0.5649 , 0.8425 , 1.0611 , 1.3548 , 0.9035 , 0.7899 , 1.0244 ,},
{ 1.0612 , 0.4800 , 0.5375 , 1.0177 , 1.2689 , 1.1490 , 0.7123 , 1.1997 , 0.7197 ,},
{ 0.8156 , 0.8448 , 0.9536 , 0.9659 , 0.9464 , 0.9890 , 1.1120 , 0.7644 , 1.1375 ,},
{ 0.7686 , 0.6140 , 0.7755 , 0.6144 , 0.8009 , 0.6083 , 0.6795 , 1.7788 , 0.7882 ,},
{ 0.4722 , 0.4578 , 0.4053 , 0.5052 , 1.1823 , 0.9814 , 0.9692 , 1.2122 , 1.1122 ,},
{ 1.0564 , 0.9168 , 0.8930 , 0.7146 , 0.7760 , 0.8249 , 1.4791 , 0.9163 , 0.8509 ,},
{ 0.3631 , 0.4994 , 0.7755 , 0.7050 , 1.2521 , 1.3549 , 1.0726 , 0.9500 , 0.8137 ,},
{ 0.8690 , 0.9240 , 1.1428 , 0.8758 , 1.1081 , 1.1877 , 0.9235 , 0.9384 , 0.8282 ,},
{ 0.5954 , 0.4184 , 0.3886 , 0.3417 , 0.4374 , 0.3945 , 0.5173 , 0.9579 , 1.7981 ,},
{ 0.8583 , 0.7375 , 1.2717 , 1.0750 , 0.8599 , 0.8524 , 0.9261 , 1.0426 , 1.0294 ,},
{ 0.7755 , 0.9370 , 1.1109 , 0.9641 , 1.3092 , 0.7817 , 1.3396 , 0.6476 , 0.8109 ,},
{ 0.6681 , 0.4813 , 0.5033 , 0.4704 , 0.5446 , 0.7605 , 1.2835 , 1.5702 , 0.8093 ,},
{ 0.6074 , 0.7927 , 0.8089 , 1.0174 , 1.1625 , 0.9919 , 0.8572 , 1.0562 , 1.0553 ,},
{ 0.8112 , 0.7245 , 0.7412 , 0.8209 , 0.8917 , 0.8835 , 1.0085 , 1.2391 , 1.0741 ,},
{ 0.7374 , 0.6059 , 1.2739 , 0.7695 , 0.5165 , 1.4860 , 0.7199 , 1.2246 , 0.6811 ,},
{ 1.1141 , 0.4799 , 1.0015 , 1.0722 , 1.0271 , 1.1212 , 1.0126 , 0.8977 , 0.8446 ,},
{ 0.9849 , 0.8594 , 0.4797 , 0.4710 , 0.5672 , 0.7089 , 0.8618 , 1.3611 , 1.2146 ,},
{ 0.8801 , 0.8089 , 0.9825 , 1.3147 , 1.1625 , 0.8793 , 0.8462 , 0.9285 , 0.9318 ,},
{ 0.8369 , 0.8554 , 1.0628 , 1.0186 , 1.0173 , 1.0473 , 0.7659 , 1.3113 , 0.7386 ,},
{ 0.8551 , 0.7099 , 0.9333 , 0.9603 , 0.7367 , 0.7762 , 1.1065 , 1.4420 , 0.6863 ,},
{ 0.9706 , 1.1164 , 0.8216 , 0.7581 , 0.8826 , 1.0468 , 1.0791 , 1.1164 , 0.8642 ,},
{ 0.9743 , 0.9788 , 0.7909 , 0.5173 , 1.1635 , 0.9680 , 0.6211 , 1.0304 , 1.1937 ,},
{ 0.8175 , 0.7503 , 0.5703 , 0.6111 , 0.8009 , 1.1950 , 0.9176 , 1.5132 , 0.6029 ,},
{ 0.5941 , 0.6933 , 0.9184 , 0.8260 , 0.8525 , 1.2298 , 1.0600 , 1.1204 , 0.9128 ,},
{ 0.8188 , 0.9383 , 1.3298 , 0.9608 , 1.0456 , 0.5919 , 0.5602 , 0.9737 , 1.1963 ,},
{ 1.0003 , 1.0704 , 0.6105 , 1.1258 , 0.5568 , 1.0243 , 0.7823 , 1.3561 , 0.8027 ,},
{ 0.9840 , 0.7704 , 0.5873 , 0.8387 , 0.8257 , 1.2611 , 1.6038 , 0.5658 , 0.5001 ,},
{ 0.7197 , 0.9012 , 1.0200 , 1.1890 , 1.1265 , 1.2734 , 1.1176 , 0.6448 , 0.6273 ,},
{ 0.9174 , 0.8402 , 0.8365 , 0.6637 , 0.8090 , 1.2478 , 0.6397 , 0.5975 , 1.4306 ,},
{ 1.2780 , 0.8334 , 0.8533 , 0.8577 , 0.8247 , 0.8204 , 1.0362 , 1.0261 , 1.0491 ,},
{ 0.6743 , 0.5198 , 0.5082 , 0.5108 , 0.5302 , 0.9751 , 1.2226 , 1.0536 , 1.2603 ,},
{ 1.2308 , 0.9738 , 0.7884 , 1.1043 , 1.0524 , 1.0709 , 0.8588 , 1.0004 , 0.7565 ,},
{ 0.9785 , 0.8051 , 1.2528 , 1.7067 , 0.6771 , 0.5187 , 0.6972 , 0.7253 , 1.0242 ,},
{ 0.9633 , 0.8045 , 0.4617 , 1.1654 , 0.7703 , 0.9740 , 1.2592 , 0.9237 , 0.9250 ,},
{ 0.6097 , 1.1043 , 1.1562 , 0.7156 , 0.6853 , 0.6057 , 0.7019 , 1.6958 , 0.6225 ,},
{ 1.2108 , 0.8705 , 0.4119 , 1.0624 , 0.8728 , 0.9566 , 0.5768 , 0.8798 , 1.2499 ,},
{ 0.9769 , 1.2340 , 1.0401 , 0.9734 , 0.9615 , 0.8979 , 1.1206 , 1.0176 , 0.7225 ,},
{ 1.1102 , 1.1766 , 1.1216 , 0.7096 , 1.2326 , 0.7155 , 0.6889 , 0.4972 , 1.2458 ,},
{ 1.1444 , 0.4361 , 1.0350 , 0.5596 , 0.8156 , 1.1186 , 1.1062 , 1.1070 , 0.8094 ,},
{ 0.8344 , 0.8544 , 1.1809 , 0.8701 , 0.8534 , 0.8772 , 1.2074 , 1.0692 , 0.8904 ,},
{ 1.0370 , 1.0525 , 1.1350 , 0.9982 , 1.0046 , 1.4984 , 0.6934 , 0.4821 , 0.8236 ,},
{ 1.2727 , 0.7639 , 0.7221 , 1.3102 , 0.4852 , 0.5596 , 0.7427 , 0.9385 , 1.2217 ,},
{ 0.5922 , 0.7513 , 1.1098 , 0.5179 , 1.2141 , 0.9213 , 1.0227 , 1.1467 , 0.8706 ,},
{ 1.0220 , 1.2056 , 1.0692 , 1.1442 , 0.9276 , 0.6568 , 0.6629 , 1.3708 , 0.5998 ,},
{ 0.5227 , 1.1332 , 0.6451 , 0.5633 , 0.6734 , 1.2767 , 1.1117 , 0.8539 , 1.0726 ,},
{ 1.2045 , 1.1530 , 1.1445 , 1.1902 , 0.7023 , 0.6323 , 1.0180 , 0.8283 , 0.9588 ,},
{ 0.7111 , 1.0630 , 1.0241 , 0.9582 , 1.0345 , 0.7675 , 0.9702 , 1.1882 , 0.9127 ,},
{ 0.8784 , 0.9636 , 1.3459 , 1.1587 , 1.0755 , 0.9471 , 0.9512 , 0.9482 , 0.6539 ,},
{ 0.6213 , 1.0284 , 1.4128 , 1.4593 , 1.1914 , 0.7511 , 0.6540 , 1.0259 , 0.4608 ,},
{ 1.3840 , 0.9492 , 0.6575 , 0.5088 , 0.5129 , 0.9460 , 1.1384 , 1.1104 , 0.9453 ,},
{ 0.7879 , 0.9171 , 0.9171 , 1.2259 , 0.8990 , 0.7196 , 0.6201 , 1.2076 , 1.0867 ,},
{ 0.6490 , 0.9446 , 1.3991 , 1.0736 , 0.4368 , 0.4801 , 0.8763 , 1.1830 , 1.0412 ,},
{ 1.1738 , 1.0237 , 1.0775 , 0.6715 , 0.7220 , 1.1458 , 1.0791 , 0.7774 , 0.9896 ,},
{ 0.9490 , 1.4205 , 1.3262 , 0.9639 , 1.2501 , 0.9958 , 0.4447 , 0.7534 , 0.7546 ,},
{ 1.2166 , 0.9283 , 0.9848 , 0.8801 , 0.7054 , 1.0303 , 1.2505 , 1.0776 , 0.4588 ,},
{ 0.6860 , 0.8618 , 1.3076 , 1.1670 , 0.8845 , 0.5734 , 1.1222 , 0.6173 , 1.1388 ,},
{ 1.2483 , 1.4515 , 0.8482 , 0.8442 , 0.7305 , 1.2559 , 0.7308 , 0.9569 , 0.7353 ,},
{ 1.3731 , 0.4964 , 1.1992 , 0.7421 , 0.5094 , 0.5174 , 0.7223 , 1.0203 , 1.2975 ,},
{ 0.9312 , 0.3431 , 0.5681 , 1.4194 , 0.8481 , 1.0788 , 0.8431 , 1.1197 , 0.8414 ,},
{ 1.3353 , 0.5344 , 1.0692 , 0.7530 , 0.9415 , 1.2752 , 1.2465 , 0.6144 , 0.6448 ,},
{ 0.7953 , 1.3032 , 0.9788 , 0.7531 , 1.0209 , 1.1839 , 1.1426 , 0.6100 , 0.8767 ,},
{ 0.5555 , 1.2870 , 0.5946 , 0.8549 , 1.0214 , 0.6814 , 0.6039 , 1.2947 , 1.0253 ,},
{ 0.6090 , 0.4361 , 1.3320 , 0.7479 , 0.9705 , 1.1838 , 0.6874 , 0.7222 , 1.2258 ,},
{ 0.7007 , 0.9970 , 0.6755 , 1.0898 , 1.1459 , 0.7677 , 1.2104 , 0.8910 , 0.9558 ,},
{ 1.4070 , 0.3605 , 0.4052 , 0.9226 , 0.7041 , 1.0765 , 1.1667 , 1.0423 , 0.7813 ,},
{ 0.8672 , 1.0182 , 1.4245 , 0.8886 , 0.7052 , 0.7113 , 1.0381 , 1.2842 , 0.5067 ,},
{ 1.2317 , 1.0584 , 0.4786 , 0.5108 , 1.2666 , 0.7452 , 0.8268 , 1.4202 , 0.5832 ,},
{ 1.7395 , 1.5838 , 1.3130 , 0.5776 , 0.8682 , 0.4148 , 0.8730 , 0.8286 , 0.5233 ,},
{ 0.9715 , 1.1020 , 0.9827 , 0.7050 , 0.6462 , 0.7039 , 0.9295 , 1.2666 , 1.0481 ,},
{ 1.2965 , 0.5261 , 0.6710 , 0.6170 , 0.7837 , 1.1749 , 0.5563 , 1.2260 , 1.0151 ,},
{ 0.8189 , 1.2793 , 1.2600 , 0.7106 , 0.6726 , 0.7573 , 1.3908 , 0.6584 , 0.9787 ,},
{ 1.0227 , 1.1093 , 1.1110 , 0.9619 , 1.1643 , 0.8353 , 0.8337 , 0.9205 , 0.9733 ,},
{ 0.7799 , 0.9371 , 0.9305 , 1.0614 , 1.4429 , 0.7919 , 0.5973 , 1.1265 , 0.8650 ,},
{ 0.6817 , 1.1564 , 0.8898 , 0.7107 , 0.7747 , 0.6965 , 0.9871 , 0.7470 , 1.4125 ,},
{ 0.9240 , 0.5740 , 0.7108 , 0.7228 , 1.3835 , 0.4962 , 0.5943 , 1.2330 , 1.1261 ,},
{ 1.5428 , 1.0311 , 0.9514 , 0.5781 , 0.7638 , 1.0168 , 0.8034 , 1.2502 , 0.5724 ,},
{ 0.8217 , 1.0846 , 1.0056 , 0.8938 , 0.8525 , 1.0513 , 0.8315 , 1.0099 , 1.1141 ,},
{ 1.4398 , 1.5078 , 0.6504 , 0.5180 , 0.7183 , 0.9550 , 0.7754 , 0.7532 , 1.1052 ,},
{ 0.8034 , 0.5399 , 0.9996 , 0.7308 , 0.5413 , 0.5953 , 1.3093 , 1.0162 , 1.1597 ,},
{ 0.5421 , 0.4584 , 0.5120 , 1.2446 , 1.3975 , 0.9311 , 0.9924 , 0.9081 , 0.9024 ,},
{ 0.5558 , 1.0172 , 0.7074 , 0.6156 , 0.6766 , 0.6945 , 1.3664 , 1.2726 , 0.8279 ,},
{ 0.4468 , 0.6049 , 1.0068 , 0.8168 , 0.8695 , 0.8725 , 0.6936 , 1.2658 , 1.1820 ,},
{ 0.9406 , 1.1225 , 0.8915 , 1.0802 , 0.9968 , 1.0185 , 0.7937 , 0.7013 , 1.1479 ,},
{ 0.9829 , 0.7106 , 0.5191 , 0.4299 , 1.3755 , 1.1331 , 1.2469 , 0.8001 , 0.7658 ,},
{ 1.0652 , 0.8816 , 1.1100 , 1.0416 , 0.9456 , 1.2012 , 0.4478 , 1.0173 , 0.9192 ,},
{ 0.9178 , 1.2227 , 1.7705 , 0.5973 , 0.4982 , 0.4838 , 0.4780 , 0.7205 , 1.2958 ,},
{ 0.3770 , 0.6579 , 1.1555 , 0.7113 , 0.4780 , 1.0778 , 1.2746 , 1.1491 , 0.7975 ,},
{ 1.0876 , 0.6736 , 0.8259 , 1.2083 , 1.0777 , 0.5308 , 0.8881 , 1.1307 , 0.9500 ,},
{ 0.9482 , 1.6981 , 0.7214 , 0.4864 , 0.3730 , 0.4435 , 0.7326 , 1.2114 , 1.0984 ,},
{ 0.4321 , 0.5951 , 1.2498 , 1.3562 , 1.0263 , 0.7195 , 0.9012 , 0.9246 , 0.9936 ,},
{ 1.0162 , 1.0571 , 1.0340 , 1.3389 , 1.1511 , 0.8227 , 1.1119 , 0.8115 , 0.5285 ,},
{ 1.4976 , 0.4915 , 1.0636 , 1.1419 , 0.5472 , 1.0559 , 0.9191 , 0.9289 , 0.7016 ,},
{ 1.2340 , 1.2368 , 1.2471 , 0.5340 , 0.4099 , 0.4069 , 1.1558 , 1.1703 , 0.8303 ,},
{ 1.0973 , 0.4178 , 0.8597 , 0.9480 , 0.8864 , 0.7050 , 1.1196 , 0.5683 , 1.3045 ,},
{ 0.4392 , 1.2587 , 1.2554 , 0.8205 , 0.8463 , 1.3046 , 0.9855 , 0.9671 , 0.4486 ,},
{ 0.9377 , 1.3480 , 0.3970 , 1.2203 , 0.7919 , 0.5916 , 0.7651 , 1.0638 , 1.0628 ,},
{ 0.9773 , 1.0931 , 1.4667 , 0.5805 , 1.1624 , 0.7729 , 0.9629 , 0.9805 , 0.7328 ,},
{ 1.4392 , 0.6787 , 0.5625 , 0.5864 , 0.5726 , 0.6099 , 0.8948 , 1.5460 , 0.7892 ,},
{ 0.9793 , 0.9688 , 1.4699 , 1.4035 , 1.2209 , 0.7062 , 0.5546 , 0.5468 , 0.9051 ,},
{ 0.7727 , 1.5035 , 1.2962 , 0.9065 , 1.1593 , 0.5806 , 0.8656 , 0.9170 , 0.8098 ,},
{ 0.8366 , 0.7476 , 0.9349 , 1.4077 , 0.7826 , 1.1821 , 0.6399 , 1.0686 , 0.7956 ,},
{ 1.1626 , 0.7819 , 1.1783 , 0.8332 , 1.1772 , 0.6659 , 0.6212 , 1.3517 , 0.7430 ,},
{ 1.1773 , 2.9072 , 0.6653 , 0.5651 , 0.2299 , 0.1329 , 0.3740 , 0.4183 , 0.3722 ,},
{ 1.2818 , 0.6366 , 1.3217 , 0.8723 , 1.1452 , 0.8848 , 0.9653 , 0.8022 , 0.8640 ,},
{ 0.3532 , 1.1946 , 1.7611 , 0.9906 , 0.8299 , 0.7435 , 0.8950 , 0.6966 , 0.8651 ,},
{ 0.7342 , 0.7901 , 1.2318 , 1.3444 , 0.7409 , 0.7857 , 1.3310 , 0.8272 , 0.6948 ,},
{ 1.4056 , 0.5694 , 0.5994 , 0.7107 , 1.3135 , 0.7586 , 1.1501 , 1.0617 , 0.6641 ,},
{ 1.1152 , 1.2618 , 0.5000 , 0.7081 , 0.9378 , 0.8184 , 1.1566 , 0.9431 , 1.0112 ,},
{ 1.2283 , 0.8352 , 0.8334 , 1.1262 , 1.3951 , 0.9083 , 0.6608 , 0.6420 , 1.0029 ,},
{ 2.0058 , 0.9515 , 0.4540 , 0.4695 , 0.8064 , 0.6788 , 1.3525 , 0.7896 , 0.5391 ,},
{ 0.6016 , 1.1777 , 1.3576 , 0.9394 , 0.9041 , 1.0261 , 1.0081 , 0.8805 , 0.8397 ,},
{ 1.4176 , 1.1985 , 0.9310 , 1.0596 , 1.1375 , 0.5252 , 0.7450 , 0.9433 , 0.8724 ,},
{ 0.7503 , 1.2879 , 0.7720 , 1.1420 , 1.0596 , 1.0898 , 0.8121 , 1.0663 , 0.6674 ,},
{ 1.3077 , 0.4629 , 0.3812 , 0.4647 , 0.7053 , 1.0314 , 1.2123 , 0.8758 , 1.2004 ,},
{ 1.2452 , 1.1241 , 1.4615 , 0.7783 , 0.5366 , 0.6411 , 0.5551 , 1.2719 , 0.7868 ,},
{ 1.2642 , 1.1167 , 1.3788 , 1.3544 , 1.0952 , 0.9983 , 0.6295 , 0.6026 , 0.5265 ,},
{ 1.2327 , 1.6082 , 0.9597 , 0.6924 , 0.7477 , 0.8317 , 1.2300 , 0.8278 , 0.6489 ,},
{ 1.2278 , 1.5859 , 1.1200 , 1.2776 , 0.8143 , 0.6136 , 0.4529 , 0.7954 , 0.8923 ,},
{ 1.2885 , 1.0610 , 1.2736 , 0.7508 , 0.5679 , 0.9595 , 0.5422 , 0.6002 , 1.2820 ,},
{ 1.2259 , 0.8108 , 1.1963 , 0.5958 , 0.9913 , 1.5531 , 0.5424 , 0.7934 , 0.6392 ,},
{ 1.9733 , 0.6471 , 0.4697 , 0.4486 , 0.6865 , 1.0481 , 0.9853 , 0.9512 , 0.8291 ,},
{ 0.5171 , 0.7451 , 1.4905 , 0.9050 , 0.9609 , 0.9669 , 0.6966 , 1.2311 , 0.7366 ,},
{ 1.8996 , 0.7365 , 0.6107 , 0.6772 , 0.5161 , 0.5477 , 0.6447 , 0.7038 , 1.3371 ,},
{ 0.9712 , 0.5037 , 1.4854 , 1.2200 , 0.7840 , 0.6654 , 0.8307 , 1.1547 , 0.7786 ,},
{ 0.7928 , 1.3127 , 0.9451 , 1.5711 , 1.0923 , 0.6367 , 0.6713 , 0.8485 , 0.8184 ,},
{ 1.2260 , 1.1025 , 0.9696 , 1.0311 , 0.9773 , 0.9792 , 1.2596 , 0.5250 , 0.7361 ,},
{ 1.0523 , 1.4816 , 1.4431 , 1.0755 , 0.4368 , 0.6092 , 1.1593 , 0.7687 , 0.7423 ,},
{ 0.5751 , 0.4764 , 0.3755 , 0.5971 , 0.8845 , 1.7281 , 0.9567 , 1.0845 , 0.7364 ,},
{ 0.5779 , 1.1710 , 0.4855 , 0.8071 , 1.4564 , 1.0861 , 0.7563 , 0.8539 , 0.9468 ,},
{ 0.9258 , 1.0100 , 1.2937 , 1.2598 , 0.7167 , 1.1149 , 0.8537 , 0.8043 , 0.8664 ,},
{ 0.4936 , 0.5801 , 0.6572 , 0.8069 , 0.7728 , 1.6229 , 0.5983 , 1.0141 , 1.0581 ,},
{ 1.6619 , 0.9431 , 0.6824 , 0.6412 , 1.1086 , 1.0823 , 0.7751 , 0.6927 , 0.9377 ,},
{ 0.5175 , 1.0562 , 0.7611 , 1.4533 , 0.4233 , 0.8701 , 1.4307 , 0.6741 , 0.7839 ,},
{ 1.1136 , 1.3433 , 1.0495 , 0.7709 , 0.8311 , 0.6435 , 0.6607 , 0.9289 , 1.2170 ,},
{ 0.4434 , 0.4092 , 0.4264 , 0.6152 , 0.6619 , 1.4216 , 1.3806 , 0.7395 , 1.0471 ,},
{ 0.8632 , 1.5017 , 0.7861 , 1.3531 , 1.1183 , 1.2785 , 0.6092 , 0.4883 , 0.5832 ,},
{ 1.8851 , 0.9244 , 0.4315 , 0.6683 , 1.2802 , 0.5262 , 0.7864 , 0.9476 , 0.9201 ,},
{ 0.8088 , 1.8334 , 0.4072 , 0.4306 , 0.5737 , 0.9789 , 0.9366 , 1.0574 , 0.8602 ,},
{ 0.5527 , 0.8037 , 0.5567 , 0.7440 , 0.6354 , 0.6444 , 0.8341 , 1.2001 , 1.4073 ,},
{ 0.4540 , 0.4485 , 0.4190 , 0.7182 , 0.6248 , 0.6355 , 1.7720 , 0.8876 , 0.9422 ,},
{ 1.3766 , 1.3060 , 0.8154 , 0.8522 , 1.3867 , 0.8424 , 0.9032 , 0.6997 , 0.6276 ,},
{ 0.5417 , 0.5859 , 0.4388 , 0.4804 , 0.3714 , 0.4968 , 0.5832 , 1.7459 , 1.0882 ,},
{ 1.9317 , 0.5109 , 1.1477 , 0.5869 , 0.7122 , 0.6983 , 1.0827 , 0.8691 , 0.7486 ,},
{ 0.8473 , 1.0055 , 1.4814 , 0.7144 , 0.7047 , 1.1789 , 0.7132 , 0.9740 , 0.9484 ,},
{ 0.4060 , 0.7466 , 1.1292 , 1.7092 , 0.6003 , 0.6409 , 0.6716 , 1.2315 , 0.7545 ,},
{ 0.4409 , 0.4587 , 1.6186 , 0.5921 , 0.5582 , 0.7119 , 0.9129 , 1.1011 , 1.1025 ,},
{ 1.0443 , 1.4606 , 0.7488 , 0.6941 , 1.1009 , 0.8059 , 0.7632 , 1.2236 , 0.7119 ,},
{ 1.6446 , 1.3102 , 0.9283 , 1.0859 , 0.6086 , 0.5208 , 0.7080 , 1.1543 , 0.6649 ,},
{ 0.4628 , 0.5827 , 0.6550 , 1.0641 , 0.6607 , 0.9973 , 0.6421 , 1.6876 , 0.7076 ,},
{ 0.7865 , 0.8324 , 3.0015 , 0.2632 , 0.4177 , 1.1849 , 0.4059 , 0.4576 , 0.5740 ,},
{ 0.7109 , 1.7751 , 0.8469 , 0.6253 , 1.1250 , 1.1749 , 0.7897 , 0.5384 , 0.6987 ,},
{ 0.8211 , 1.2092 , 1.0222 , 1.0805 , 0.5303 , 0.8841 , 1.1390 , 1.0670 , 0.8424 ,},
{ 0.5823 , 0.5939 , 1.5753 , 0.7689 , 0.8623 , 1.2245 , 1.1448 , 0.7654 , 0.6285 ,},
{ 0.6078 , 1.4935 , 1.1931 , 0.6390 , 0.6003 , 0.8891 , 0.8648 , 1.1448 , 0.8593 ,},
{ 0.8260 , 0.6597 , 0.8064 , 0.7677 , 0.7112 , 0.6522 , 0.6241 , 0.8948 , 1.6122 ,},
{ 0.7019 , 0.8124 , 0.8524 , 1.3488 , 0.8148 , 0.7872 , 1.0531 , 1.0951 , 0.9422 ,},
{ 1.4195 , 1.0312 , 0.8150 , 0.6901 , 0.3858 , 0.5484 , 1.4039 , 0.6044 , 1.0959 ,},
{ 0.9400 , 0.9068 , 1.8297 , 0.6200 , 0.6386 , 0.7539 , 0.9919 , 1.0058 , 0.7231 ,},
{ 0.8362 , 1.2028 , 0.5620 , 0.4055 , 0.6233 , 1.2722 , 1.4069 , 0.9251 , 0.5921 ,},
{ 0.5778 , 0.6041 , 0.5496 , 1.4047 , 1.0966 , 0.7082 , 0.6718 , 1.3813 , 0.7331 ,},
{ 0.6903 , 0.7944 , 1.2167 , 1.9326 , 0.8717 , 0.8581 , 0.6807 , 0.6221 , 0.5703 ,},
{ 1.0677 , 1.2956 , 1.4315 , 0.7795 , 0.9034 , 1.1956 , 0.9526 , 0.5625 , 0.6870 ,},
{ 1.3242 , 1.9257 , 1.2745 , 0.6536 , 0.4555 , 0.7523 , 0.8314 , 0.8338 , 0.5928 ,},
{ 1.4508 , 0.5375 , 0.8697 , 1.3230 , 1.3031 , 0.7159 , 0.6037 , 1.0602 , 0.5988 ,},
{ 0.4167 , 0.5491 , 0.8875 , 1.5588 , 1.1273 , 0.9422 , 1.0742 , 0.9294 , 0.6146 ,},
{ 0.6758 , 0.7880 , 1.6950 , 0.9323 , 1.5329 , 0.9262 , 0.6715 , 0.5729 , 0.5828 ,},
{ 1.0041 , 1.1255 , 1.0838 , 1.5430 , 0.5180 , 0.7225 , 0.9050 , 1.0236 , 0.6343 ,},
{ 0.9118 , 1.0942 , 0.5782 , 1.8776 , 0.5424 , 0.7154 , 0.6278 , 0.8346 , 0.9220 ,},
{ 0.9860 , 0.6635 , 1.8841 , 0.9690 , 0.8989 , 0.6592 , 0.7682 , 0.6894 , 0.8998 ,},
{ 1.2978 , 0.8427 , 0.4218 , 1.4677 , 0.8459 , 0.9713 , 1.0039 , 0.9884 , 0.5508 ,},
{ 1.0090 , 1.4060 , 1.4785 , 1.6682 , 0.5597 , 0.4459 , 0.5228 , 0.7282 , 0.6879 ,},
{ 0.6518 , 0.9368 , 0.7220 , 1.4421 , 0.8493 , 0.4522 , 0.7134 , 0.5420 , 1.3777 ,},
{ 0.4486 , 0.4932 , 1.0521 , 1.1511 , 0.7158 , 1.3342 , 1.0913 , 0.7719 , 0.9142 ,},
{ 0.9036 , 0.4719 , 0.7864 , 1.4497 , 0.5675 , 0.4381 , 0.6577 , 1.4146 , 0.8823 ,},
{ 0.7530 , 0.5916 , 1.6491 , 1.4789 , 0.6265 , 0.9233 , 0.9652 , 0.6154 , 0.5819 ,},
{ 1.7496 , 1.0912 , 0.9323 , 1.1163 , 0.7514 , 0.6634 , 1.3376 , 0.5593 , 0.4148 ,},
{ 1.4834 , 0.6758 , 0.6323 , 0.9750 , 0.8849 , 0.5107 , 1.3425 , 1.0683 , 0.6080 ,},
{ 0.6531 , 1.0105 , 1.1561 , 1.2234 , 0.6133 , 0.9509 , 0.5883 , 0.9679 , 1.1808 ,},
{ 0.4373 , 0.8855 , 0.5187 , 1.5302 , 0.8932 , 1.2853 , 0.8630 , 0.8811 , 0.6932 ,},
{ 0.4964 , 0.5480 , 0.4744 , 1.6162 , 0.7120 , 0.6013 , 1.3263 , 0.8665 , 0.8711 ,},
{ 0.9542 , 1.4578 , 1.1337 , 1.2400 , 0.9469 , 0.9542 , 0.9426 , 0.6124 , 0.7358 ,},
{ 0.5043 , 1.1620 , 0.6329 , 1.0466 , 0.6083 , 1.3322 , 0.7694 , 0.8770 , 1.0811 ,},
{ 0.5890 , 1.2077 , 0.7549 , 0.5210 , 1.0047 , 1.4134 , 0.7840 , 1.0529 , 0.7466 ,},
{ 0.6461 , 0.4358 , 0.6388 , 1.8723 , 1.3121 , 0.6183 , 0.6713 , 0.8472 , 0.6767 ,},
{ 0.5303 , 1.9743 , 0.7974 , 0.6313 , 1.0766 , 0.5424 , 0.9029 , 0.7738 , 0.6682 ,},
{ 0.5551 , 0.6123 , 0.6163 , 2.3693 , 0.6067 , 0.7953 , 0.7342 , 0.6282 , 0.6708 ,},
{ 0.5227 , 0.5070 , 0.3067 , 1.3379 , 0.5579 , 1.0535 , 0.7330 , 1.0617 , 1.2260 ,},
{ 0.7365 , 1.9176 , 0.8359 , 0.7827 , 0.5416 , 0.7099 , 0.7931 , 0.7585 , 1.0960 ,},
{ 1.5659 , 0.7957 , 1.2998 , 1.1026 , 0.6419 , 0.5597 , 0.6521 , 0.9403 , 0.9609 ,},
{ 1.2472 , 1.2893 , 1.9087 , 0.9430 , 0.7739 , 0.6199 , 0.7779 , 0.7209 , 0.5774 ,},
{ 0.9461 , 0.9230 , 0.5315 , 0.5243 , 1.8920 , 0.6870 , 0.5419 , 0.8099 , 0.9954 ,},
{ 2.3285 , 0.5052 , 0.4843 , 1.1449 , 0.4717 , 0.4756 , 1.0814 , 0.6455 , 0.8671 ,},
{ 1.7864 , 1.3000 , 1.7159 , 1.2207 , 0.6640 , 0.6668 , 0.4213 , 0.5011 , 0.5149 ,},
{ 0.4893 , 1.0306 , 2.4117 , 0.7831 , 0.6029 , 0.6057 , 0.7463 , 0.7538 , 0.6418 ,},
{ 0.8509 , 0.6329 , 1.1143 , 0.9317 , 0.9793 , 0.7075 , 1.7128 , 0.7755 , 0.5421 ,},
{ 1.3032 , 0.5795 , 0.7334 , 0.5520 , 1.6208 , 1.0079 , 0.5104 , 0.9971 , 0.7621 ,},
{ 0.6085 , 0.9950 , 0.8881 , 0.7293 , 1.4814 , 0.5340 , 0.9577 , 1.1798 , 0.7057 ,},
{ 0.6215 , 1.3855 , 0.6107 , 1.1645 , 0.8877 , 0.6340 , 1.2459 , 1.1677 , 0.5327 ,},
{ 1.0320 , 0.6479 , 0.5043 , 0.5078 , 0.5302 , 0.8520 , 1.7050 , 0.9353 , 0.8090 ,},
{ 0.8521 , 1.7706 , 1.8409 , 0.7735 , 0.7729 , 0.7031 , 0.5676 , 0.5690 , 0.6233 ,},
{ 0.6935 , 1.9830 , 0.5788 , 1.3099 , 0.5382 , 0.5340 , 0.9227 , 0.7360 , 0.4702 ,},
{ 0.8269 , 0.3476 , 0.7528 , 0.8000 , 1.2992 , 0.7760 , 1.1480 , 1.0028 , 0.9965 ,},
{ 1.1708 , 0.5683 , 0.5881 , 1.4212 , 0.9162 , 1.2325 , 0.8620 , 0.4921 , 0.9762 ,},
{ 0.8482 , 0.8403 , 1.5371 , 0.7889 , 0.5113 , 0.8688 , 1.4176 , 0.9280 , 0.6096 ,},
{ 0.8046 , 0.7164 , 0.6426 , 1.2303 , 1.7609 , 0.5099 , 0.6222 , 1.1772 , 0.5333 ,},
{ 1.8012 , 0.8364 , 1.8305 , 0.5247 , 0.8086 , 0.5190 , 0.3708 , 0.8324 , 0.7863 ,},
{ 0.4204 , 0.5548 , 0.3665 , 0.8388 , 1.6949 , 1.0976 , 0.9884 , 1.0706 , 0.6417 ,},
{ 2.0920 , 0.9684 , 0.9104 , 0.9795 , 0.7610 , 0.7124 , 0.6371 , 0.6842 , 0.7401 ,},
{ 0.8908 , 0.9190 , 2.0355 , 1.3735 , 0.5331 , 0.4202 , 0.5425 , 0.8879 , 0.5654 ,},
{ 1.4182 , 1.1730 , 1.5734 , 0.4859 , 0.4922 , 0.8797 , 1.0078 , 0.7090 , 0.8450 ,},
{ 0.9744 , 1.1314 , 0.9780 , 1.1948 , 1.7010 , 0.5132 , 0.5656 , 0.6616 , 0.8148 ,},
{ 1.0887 , 0.5569 , 0.6416 , 1.0393 , 1.4535 , 1.5335 , 0.6090 , 0.6057 , 0.6286 ,},
{ 1.3715 , 1.3677 , 0.4564 , 0.4386 , 0.6607 , 1.5346 , 0.5212 , 0.8337 , 0.7680 ,},
{ 0.6858 , 0.6758 , 0.9060 , 0.8054 , 1.3173 , 1.2998 , 0.5952 , 0.9591 , 0.9649 ,},
{ 0.4200 , 0.6450 , 0.7453 , 1.2910 , 1.7160 , 1.1355 , 0.5533 , 0.8227 , 0.5868 ,},
{ 0.3788 , 0.4993 , 1.8033 , 1.3336 , 1.1077 , 0.5109 , 0.5865 , 0.9465 , 0.6253 ,},
{ 0.6310 , 0.3656 , 2.3945 , 1.0381 , 0.6858 , 0.3805 , 0.6596 , 0.4886 , 0.6079 ,},
{ 0.6670 , 0.3647 , 2.1285 , 0.5658 , 0.6463 , 1.0476 , 0.7002 , 0.7601 , 0.9441 ,},
{ 0.4864 , 0.5689 , 0.6069 , 0.8544 , 1.8741 , 0.5900 , 1.1972 , 0.8364 , 0.6871 ,},
{ 0.8869 , 1.4906 , 0.4704 , 1.0810 , 1.3477 , 0.9359 , 1.0565 , 0.6126 , 0.5442 ,},
{ 1.7997 , 1.6052 , 0.4765 , 0.4540 , 1.0118 , 0.9686 , 1.1204 , 0.6863 , 0.4775 ,},
{ 1.7517 , 1.2351 , 0.4613 , 0.5036 , 0.4136 , 0.6221 , 0.8930 , 1.2982 , 0.7296 ,},
{ 0.3949 , 1.5230 , 0.5770 , 1.0788 , 0.7394 , 0.9052 , 1.2711 , 0.5976 , 0.9005 ,},
{ 0.5961 , 0.4279 , 0.9457 , 0.5520 , 1.8588 , 1.0131 , 0.8025 , 0.8004 , 0.7415 ,},
{ 0.4143 , 0.6494 , 0.8893 , 0.6781 , 0.9841 , 0.9262 , 1.4119 , 0.8198 , 1.0814 ,},
{ 1.6587 , 2.2952 , 0.7862 , 0.6675 , 0.6213 , 0.5144 , 0.5054 , 0.5398 , 0.6204 ,},
{ 1.5713 , 0.7798 , 0.7787 , 1.5958 , 0.6686 , 0.7923 , 0.4482 , 0.9416 , 0.7285 ,},
{ 1.5683 , 0.7690 , 0.4062 , 1.2983 , 1.5313 , 0.7776 , 0.7882 , 0.4839 , 0.6501 ,},
{ 0.4931 , 0.5648 , 1.5226 , 0.5373 , 0.6796 , 0.7800 , 1.8501 , 0.7073 , 0.6931 ,},
{ 2.2858 , 0.5760 , 0.8578 , 0.4231 , 0.4093 , 0.4299 , 0.6804 , 1.3219 , 0.4718 ,},
{ 0.5528 , 0.8270 , 0.4963 , 0.5733 , 1.5047 , 1.6743 , 0.6793 , 0.6141 , 0.7556 ,},
{ 1.9419 , 1.6053 , 0.9701 , 0.5581 , 0.4652 , 0.9575 , 0.7413 , 0.4946 , 0.7193 ,},
{ 2.5554 , 0.9975 , 0.8087 , 0.7371 , 0.3016 , 0.3630 , 0.3015 , 0.5906 , 0.7431 ,},
{ 0.5645 , 0.4620 , 0.6661 , 0.9301 , 2.2734 , 0.6027 , 0.4069 , 0.3564 , 0.7855 ,},
{ 1.9090 , 0.8677 , 0.8540 , 0.7117 , 0.9143 , 1.4658 , 0.9439 , 0.3909 , 0.4472 ,},
{ 1.2543 , 1.0020 , 0.7601 , 1.5108 , 0.8804 , 0.7131 , 1.0401 , 0.6135 , 0.8297 ,},
{ 0.9096 , 0.9778 , 0.8417 , 1.2630 , 0.4246 , 1.6538 , 0.5998 , 0.7820 , 0.6590 ,},
{ 0.7516 , 1.4998 , 0.9330 , 2.1267 , 0.5272 , 0.6152 , 0.5624 , 0.3216 , 0.4093 ,},
{ 1.2678 , 0.5350 , 0.5208 , 0.5492 , 0.7990 , 1.6192 , 1.0416 , 0.8196 , 0.6452 ,},
{ 1.5180 , 1.5807 , 0.4363 , 1.3119 , 0.4422 , 1.0210 , 0.6711 , 0.6841 , 0.7320 ,},
{ 0.4563 , 2.6694 , 1.1720 , 1.2857 , 0.6746 , 0.4376 , 0.5271 , 0.5656 , 0.7466 ,},
{ 1.3303 , 0.4938 , 1.0012 , 2.0856 , 0.7901 , 0.4822 , 0.4185 , 0.5956 , 0.6932 ,},
{ 0.7237 , 1.7210 , 1.1755 , 1.2968 , 0.5143 , 0.6132 , 0.5322 , 0.6365 , 1.0614 ,},
{ 0.7452 , 0.5244 , 0.8387 , 0.6712 , 0.6100 , 1.9753 , 0.9858 , 0.5498 , 0.7284 ,},
{ 0.9431 , 1.4211 , 0.5369 , 1.0302 , 0.4257 , 1.1186 , 1.1592 , 0.8469 , 0.7455 ,},
};
