/*======================================================================*/
/*  4GV - Fourth Generation Vocoder Speech Service Option for             */
/*  Wideband Spread Spectrum Digital System                             */
/*  C Source Code Simulation                                            */
/*                                                                      */
/*  Copyright (C) 1999 Qualcomm Incorporated. All rights                */
/*  reserved.                                                           */
/*----------------------------------------------------------------------*/

static double AmpCB1[64][10] = {
{-0.0376 ,-0.0179 ,-0.0423 ,-0.0170 , 0.3173 ,-0.0417 ,-0.7367 ,-0.1600 , 0.1446 , 0.3523 ,},
{-0.0131 ,-0.0439 ,-0.0188 ,-0.0686 , 0.0438 , 0.1076 ,-0.0104 , 0.0224 , 0.0463 ,-0.0161 ,},
{ 0.7576 ,-0.0082 ,-0.7101 ,-0.0159 ,-0.0471 , 0.2234 , 0.1113 ,-0.1388 ,-0.0579 ,-0.1779 ,},
{-0.0813 ,-0.1129 ,-0.1012 ,-0.1613 ,-0.2503 ,-0.2432 , 0.8507 , 0.4212 ,-0.1997 , 0.0185 ,},
{-0.0653 ,-0.0003 , 0.1072 ,-0.0001 , 0.0052 ,-0.0204 , 0.3388 ,-0.0472 ,-0.5838 , 0.1519 ,},
{-0.1127 ,-0.2567 ,-0.3846 ,-0.3819 , 0.1451 , 0.8871 ,-0.0486 , 0.1555 , 0.1824 , 0.1052 ,},
{ 0.0831 , 0.4403 ,-0.3260 , 0.3214 ,-0.8106 ,-0.1179 , 0.0865 ,-0.0559 ,-0.1023 , 0.0836 ,},
{-0.0281 ,-0.0169 , 0.1205 ,-0.0831 , 0.0050 ,-0.1721 ,-0.0897 , 0.5458 , 0.2396 ,-0.4244 ,},
{-0.0914 , 0.1014 , 0.1054 , 0.0523 ,-0.0014 ,-0.5381 ,-0.1602 , 0.2842 ,-0.0136 , 0.1179 ,},
{-0.0267 ,-0.1247 ,-0.1124 , 0.0163 ,-0.1112 ,-0.0955 ,-0.0063 , 0.0923 , 0.0681 , 0.2879 ,},
{-0.1024 ,-0.1006 ,-0.2572 , 0.0513 , 0.0431 , 0.2725 , 0.2149 ,-0.4418 ,-0.2755 , 0.4977 ,},
{-0.0187 , 0.1345 , 0.1225 , 0.1724 , 0.2772 , 0.1462 , 0.1072 , 0.1290 , 0.0914 ,-0.9309 ,},
{ 0.0323 , 0.3854 , 0.4077 , 0.3974 , 0.0627 ,-0.0925 , 0.1191 ,-0.1430 ,-0.6225 ,-0.7253 ,},
{-0.0408 ,-0.0789 ,-0.1284 ,-0.0391 , 0.0624 ,-0.1653 , 0.0901 ,-0.7008 , 0.6051 , 0.1839 ,},
{ 0.0048 ,-0.0284 ,-0.0312 ,-0.2729 , 0.0405 , 0.1737 ,-0.2345 , 0.2396 ,-0.2827 , 0.3284 ,},
{ 0.0266 ,-0.0657 ,-0.1203 , 0.0159 ,-0.0457 ,-0.0661 ,-0.3742 , 0.1540 , 0.5454 ,-0.0475 ,},
{-0.0052 , 0.1640 , 0.2344 ,-0.2338 ,-0.2123 ,-0.0520 ,-0.0325 ,-0.0783 ,-0.0076 , 0.1023 ,},
{ 0.8252 ,-0.1526 ,-0.0427 ,-0.0012 ,-0.0872 ,-0.7039 , 0.2072 ,-0.1549 , 0.1375 , 0.3543 ,},
{-0.0657 , 0.0920 ,-0.0175 ,-0.3147 , 0.1079 , 0.2663 ,-0.1003 ,-0.0963 , 0.5900 ,-0.4646 ,},
{-0.1756 ,-0.5311 ,-0.3310 ,-0.2309 ,-0.0399 ,-0.0347 , 0.1058 , 0.2042 , 0.5340 , 0.7407 ,},
{-0.0304 ,-0.0551 , 0.0585 ,-0.1491 ,-0.6409 , 0.5180 , 0.1648 , 0.0415 , 0.0985 , 0.0531 ,},
{-0.0086 ,-0.0403 , 0.1471 , 0.1710 , 0.2059 ,-0.1026 ,-0.2074 ,-0.0573 ,-0.0171 ,-0.1164 ,},
{-0.1423 ,-0.0788 ,-0.0933 ,-0.1090 ,-0.0161 ,-0.3007 ,-0.0589 ,-0.2359 ,-0.3473 , 0.8847 ,},
{ 0.0224 , 0.0245 , 0.0030 , 0.3683 ,-0.2107 ,-0.3126 , 0.0964 ,-0.2040 , 0.3728 ,-0.3847 ,},
{-0.0774 , 0.0829 ,-0.0790 ,-0.5769 ,-0.3217 ,-0.0208 ,-0.1895 ,-0.1193 , 0.2934 , 0.6891 ,},
{-0.0184 , 0.5507 , 0.5831 ,-0.0770 ,-0.1900 ,-0.7525 ,-0.7165 ,-0.1931 ,-0.0372 , 0.0012 ,},
{ 0.0486 , 0.5868 ,-0.3722 ,-0.6112 , 0.2882 ,-0.4383 ,-0.2370 ,-0.1207 ,-0.0826 , 0.2372 ,},
{-0.1863 , 0.2510 , 0.2021 , 0.2691 , 0.6017 , 0.0743 ,-0.5539 ,-0.5825 ,-0.3949 ,-0.3563 ,},
{-0.1428 ,-0.3672 ,-0.1468 , 0.3786 , 0.2567 , 0.1305 , 0.1913 ,-0.0086 , 0.0730 ,-0.1340 ,},
{-0.0291 , 0.0603 ,-0.0832 , 0.0135 ,-0.0848 ,-0.1412 , 0.3027 ,-0.0281 , 0.0615 ,-0.0169 ,},
{ 0.0034 , 0.0569 ,-0.0877 ,-0.0486 , 0.3599 , 0.0884 ,-0.0159 , 0.3034 ,-0.4564 ,-0.2439 ,},
{-0.0334 , 0.3260 , 0.2146 , 0.1004 , 0.0187 ,-0.2165 ,-0.1460 ,-0.3873 ,-0.8041 , 0.3893 ,},
{-0.0031 , 0.1850 ,-0.0171 ,-0.0217 ,-0.1976 , 0.3754 ,-0.3218 ,-0.4766 , 0.2165 , 0.0258 ,},
{-0.0197 ,-0.0566 ,-0.1025 ,-0.3768 ,-0.6379 ,-0.5659 ,-0.1146 , 0.4463 , 0.7639 , 0.4201 ,},
{-0.0265 ,-0.0785 ,-0.0531 ,-0.1369 ,-0.0625 , 0.6194 , 0.3993 , 0.1100 ,-0.1644 ,-0.4839 ,},
{ 0.0013 , 0.0629 ,-0.0161 , 0.6009 , 0.0614 ,-0.7669 , 0.1091 ,-0.2004 ,-0.2121 , 0.0026 ,},
{-0.1172 , 0.1344 ,-0.3485 ,-0.6500 ,-0.3166 , 0.3216 , 0.3369 , 0.2896 , 0.2170 , 0.1507 ,},
{-0.1022 , 0.1456 ,-0.0991 , 0.1248 ,-0.1085 , 0.2464 ,-0.5917 , 0.5896 ,-0.0660 ,-0.1164 ,},
{-0.2435 , 0.6133 ,-0.2719 ,-0.2416 ,-0.2950 ,-0.0829 ,-0.0903 ,-0.0579 , 0.1910 ,-0.1267 ,},
{-0.2723 , 0.2698 ,-0.3940 , 0.8916 ,-0.0757 , 0.1325 ,-0.2964 ,-0.2575 ,-0.2705 ,-0.1975 ,},
{-0.1202 , 0.3387 , 0.1441 ,-0.0358 ,-0.2041 ,-0.3297 , 0.6510 ,-0.5799 ,-0.1286 ,-0.1143 ,},
{-0.0012 ,-0.0034 ,-0.1030 , 0.0577 , 0.2169 , 0.0460 ,-0.0178 ,-0.3084 ,-0.1098 , 0.0973 ,},
{-0.0344 , 0.0892 , 0.0386 ,-0.1849 , 0.5944 ,-0.4916 , 0.0899 ,-0.0798 , 0.0676 ,-0.3068 ,},
{ 0.0232 , 0.1294 , 0.1045 , 0.0842 ,-0.0512 , 0.0150 , 0.0107 , 0.0547 ,-0.1171 ,-0.2774 ,},
{-0.5705 , 0.2897 , 0.3678 ,-0.0096 , 0.1490 ,-0.0263 ,-0.2280 ,-0.1140 ,-0.1915 ,-0.1098 ,},
{ 0.5530 ,-0.2717 ,-0.0292 , 0.2000 ,-0.5001 ,-0.1444 ,-0.0219 , 0.9012 , 0.0677 ,-0.1585 ,},
{-0.0765 ,-0.4347 ,-0.6496 , 0.0197 , 0.6852 , 0.2245 ,-0.0588 , 0.2839 , 0.0904 , 0.1675 ,},
{-0.2459 , 0.7648 ,-0.1367 ,-0.0850 ,-0.2642 , 0.4926 ,-0.1128 ,-0.0386 ,-0.5524 ,-0.2452 ,},
{-0.1689 ,-0.3067 , 0.2338 ,-0.6471 , 0.6786 ,-0.1203 , 0.1049 ,-0.1450 ,-0.0699 , 0.2818 ,},
{ 0.5021 , 0.7016 ,-0.0126 ,-0.5411 , 0.0237 , 0.0183 ,-0.1329 ,-0.6205 ,-0.0215 ,-0.5817 ,},
{ 1.0683 , 0.6791 ,-0.4111 ,-0.5010 ,-0.3919 ,-0.2762 ,-0.2332 , 0.0997 ,-0.6264 ,-0.7193 ,},
{-0.0093 ,-0.1131 , 0.1666 , 0.4237 ,-0.4269 ,-0.1402 ,-0.2859 ,-0.0872 ,-0.1027 , 0.2203 ,},
{ 0.4014 ,-0.0818 , 0.1845 ,-0.0127 ,-0.0379 , 0.5859 ,-0.5199 ,-0.3288 ,-0.4643 ,-0.0954 ,},
{-0.0717 , 1.0501 , 0.0159 ,-0.2197 ,-0.2353 ,-0.6865 ,-0.3848 ,-0.4388 ,-0.3884 ,-0.5184 ,},
{ 1.0284 ,-0.4618 ,-0.2818 , 0.8260 ,-0.9569 ,-0.1643 ,-0.2432 ,-0.1979 ,-0.0488 ,-0.0332 ,},
{-0.0970 , 0.2865 , 0.5401 ,-0.3769 ,-0.3358 , 0.0710 , 0.0902 , 0.3453 ,-0.2437 ,-0.3531 ,},
{ 0.6528 ,-0.0642 ,-0.5447 , 0.3552 , 0.1411 ,-0.1868 ,-0.3250 , 0.2633 ,-0.3994 ,-0.2388 ,},
{ 1.6449 ,-1.2106 , 0.2610 , 0.0537 ,-0.3557 ,-0.2540 ,-0.2273 ,-0.0425 ,-0.3484 , 0.0816 ,},
{ 0.3521 , 0.6048 , 0.4907 ,-0.1900 ,-0.6401 ,-0.2996 ,-0.0778 ,-0.1913 ,-0.3338 ,-0.3642 ,},
{ 0.3373 ,-0.0804 , 0.3717 ,-1.0409 ,-0.3990 , 0.0291 , 0.5562 ,-0.2980 , 0.3351 ,-0.1416 ,},
{ 1.0275 ,-0.2529 , 0.4074 ,-0.6923 , 0.3420 ,-0.2584 ,-0.1952 ,-0.0692 , 0.0513 ,-0.2509 ,},
{-0.6426 ,-0.2772 , 0.4860 ,-0.2159 , 0.1279 , 0.2884 , 0.5070 ,-0.1258 , 0.2540 , 0.1749 ,},
{-0.2402 , 0.4563 ,-0.4016 ,-0.6074 , 0.6404 , 0.2408 , 0.3271 ,-0.1687 ,-0.2299 ,-0.2146 ,},
{ 0.3596 ,-0.4388 ,-0.4929 ,-0.1345 ,-0.2904 , 0.2645 ,-0.4617 ,-0.3439 ,-0.3319 , 0.9764 ,},
};
