/*======================================================================*/
/*  4GV - Fourth Generation Vocoder Speech Service Option for             */
/*  Wideband Spread Spectrum Digital System                             */
/*  C Source Code Simulation                                            */
/*                                                                      */
/*  Copyright (C) 1999 Qualcomm Incorporated. All rights                */
/*  reserved.                                                           */
/*----------------------------------------------------------------------*/


static double AmpCB2[64][9] = {
{-1.1453 ,-0.6046 , 0.1146 , 0.0961 , 0.2225 , 0.3510 , 0.2573 , 0.0907 ,-0.0239 ,},
{ 0.0010 ,-0.1715 ,-0.3526 ,-0.2142 ,-0.3265 ,-0.3471 , 0.2457 , 0.0516 , 0.4413 ,},
{-0.2202 ,-0.4067 , 0.3514 , 0.0211 , 0.0606 , 0.0704 ,-0.0932 ,-0.0933 , 0.0148 ,},
{-0.4116 ,-0.2765 ,-0.4046 , 0.0745 , 0.6911 , 0.3339 ,-0.3773 ,-0.1936 , 0.0875 ,},
{-0.2768 ,-0.3954 ,-0.3685 ,-0.2086 ,-0.3587 ,-0.3229 ,-0.0849 , 0.9639 ,-0.1683 ,},
{-0.2652 ,-0.2086 ,-0.1547 , 0.0250 ,-0.0954 ,-0.0840 , 0.3436 , 0.0582 ,-0.1055 ,},
{-0.4080 ,-0.1685 ,-0.4900 ,-0.2941 ,-0.1938 , 0.6514 , 0.2073 , 0.0391 ,-0.0289 ,},
{-0.0011 , 0.0218 , 0.0683 ,-0.0784 , 0.0662 , 0.2886 ,-0.7793 , 0.1655 , 0.1110 ,},
{-0.1486 ,-0.7941 ,-0.4508 , 0.3379 , 0.2337 , 0.1969 , 0.5583 ,-0.1837 ,-0.2619 ,},
{-0.1870 ,-0.1481 ,-0.1966 ,-0.0717 ,-0.0431 ,-0.0404 ,-0.1165 , 0.1142 , 0.1996 ,},
{-0.2197 , 0.0679 ,-0.1631 , 0.9209 , 0.4265 ,-0.2954 ,-0.1465 ,-0.3060 ,-0.3568 ,},
{-0.3370 ,-0.4833 ,-0.3366 ,-0.2866 ,-0.1492 ,-0.0888 ,-0.2530 ,-0.1226 , 0.8180 ,},
{ 0.0942 ,-0.1400 ,-0.0582 ,-0.1510 , 0.0029 , 0.7619 ,-0.1358 ,-0.3684 ,-0.1723 ,},
{-0.3255 ,-0.7021 ,-0.2882 , 0.5952 , 0.0028 ,-0.2953 ,-0.1280 , 0.2606 , 0.1282 ,},
{-0.1481 ,-0.2786 , 0.0200 , 0.0403 , 0.4581 ,-0.2510 ,-0.2639 , 0.3351 ,-0.2349 ,},
{-0.0006 ,-0.0760 , 0.0077 ,-0.0297 ,-0.6713 , 0.2955 ,-0.0608 , 0.0781 , 0.1370 ,},
{-0.1223 ,-0.1301 , 0.0493 ,-0.8351 , 0.1254 , 0.2486 ,-0.0589 , 0.2324 , 0.0424 ,},
{ 0.0749 , 0.0171 , 0.0836 , 0.2193 , 0.0675 ,-0.1750 ,-0.1581 ,-0.0898 ,-0.0509 ,},
{-0.0200 , 0.0185 ,-0.0130 ,-0.1831 , 0.0410 ,-0.0341 , 0.0720 ,-0.0969 , 0.0441 ,},
{-0.2853 ,-0.7811 ,-0.2838 ,-0.5773 ,-0.3752 , 0.1943 , 0.3679 , 0.6116 , 0.0442 ,},
{ 0.1235 ,-0.1046 ,-0.0343 ,-0.0332 , 0.6631 ,-0.3899 ,-0.0765 ,-0.2605 , 0.0235 ,},
{ 0.0813 , 0.0945 , 0.0995 , 0.0136 , 0.2413 , 0.2366 , 0.1602 ,-0.0219 ,-0.6538 ,},
{ 0.2526 , 0.3251 , 0.2605 , 0.6486 , 0.3302 ,-0.4455 ,-0.7258 ,-0.1986 ,-0.0226 ,},
{-0.2815 ,-0.2938 ,-0.5446 ,-0.5227 , 0.7052 , 0.0367 , 0.2966 , 0.0381 ,-0.0237 ,},
{-0.1087 ,-0.0207 ,-0.0297 , 0.0695 ,-0.0267 , 0.0395 , 0.1327 ,-0.5905 , 0.2909 ,},
{-0.2189 ,-0.0819 , 0.1664 , 0.1249 ,-0.0976 ,-0.5511 ,-0.3710 , 0.2092 , 0.3874 ,},
{-0.3815 , 0.2835 ,-0.8316 ,-0.0272 , 0.2196 ,-0.1797 ,-0.0743 , 0.2937 , 0.0160 ,},
{-0.2213 ,-0.2797 ,-0.4765 ,-0.4589 ,-0.5757 ,-0.1368 , 0.9520 , 0.1478 ,-0.1015 ,},
{ 0.0495 , 0.1689 , 0.0028 ,-0.4885 ,-0.5527 ,-0.3653 ,-0.2610 , 0.6068 , 0.2252 ,},
{-0.2209 , 0.1040 , 0.4021 , 0.3548 ,-0.0334 ,-0.2406 , 0.3764 ,-0.3349 ,-0.3317 ,},
{ 1.2684 , 0.3954 ,-0.1844 ,-0.0969 ,-0.3632 ,-0.4464 ,-0.3913 ,-0.1568 ,-0.0757 ,},
{ 0.1585 ,-0.5666 ,-1.0237 ,-0.1431 , 0.0628 , 0.1213 , 0.0801 , 0.3945 , 0.1665 ,},
{ 0.0916 , 0.0764 , 0.2932 , 0.3073 , 0.5685 , 0.3361 ,-0.2389 ,-0.6731 ,-0.3031 ,},
{-0.1763 ,-0.0123 , 0.1916 , 0.0958 ,-0.2173 , 0.0401 ,-0.2334 , 0.5077 ,-0.3715 ,},
{-0.8682 ,-0.2868 ,-0.5149 ,-0.3867 ,-0.2562 ,-0.1510 , 0.1629 , 0.5135 , 0.4445 ,},
{ 0.1010 ,-0.0392 ,-0.1368 ,-0.1446 ,-0.1012 ,-0.0340 , 0.0921 , 0.2377 ,-0.2269 ,},
{ 0.4501 ,-0.0873 , 0.6591 ,-0.3001 ,-0.2987 ,-0.0318 , 0.0097 ,-0.1262 ,-0.1758 ,},
{ 0.3028 ,-0.8137 , 0.0125 ,-0.1199 ,-0.0571 , 0.0110 ,-0.0317 , 0.0218 , 0.1323 ,},
{-0.9281 , 0.2587 , 0.1871 , 0.0250 , 0.0566 ,-0.0608 , 0.0022 , 0.0252 , 0.0381 ,},
{-0.0079 , 0.2132 , 0.2404 ,-0.0083 ,-0.2498 ,-0.1551 ,-0.0468 , 0.0065 ,-0.0179 ,},
{ 0.1144 , 0.0549 , 0.0780 ,-0.0628 ,-0.1422 ,-0.1230 ,-0.3229 ,-0.2743 , 0.4272 ,},
{ 0.1583 , 0.0870 ,-0.0202 , 0.5576 ,-0.6669 ,-0.3859 , 0.0123 , 0.1449 ,-0.0892 ,},
{ 0.3149 , 0.2036 ,-0.6574 , 0.0114 , 0.1413 , 0.0015 , 0.0236 ,-0.1429 ,-0.0601 ,},
{-0.1053 , 0.0575 ,-0.0781 , 0.0690 , 0.0811 , 0.2263 ,-0.1527 ,-0.0941 ,-0.1150 ,},
{-0.2254 ,-0.1400 , 1.2278 , 0.0109 , 0.0121 ,-0.2545 ,-0.2703 ,-0.1881 ,-0.2844 ,},
{ 0.0448 , 0.1680 ,-0.0094 , 0.0163 , 0.0068 ,-0.7468 , 0.3410 , 0.1080 , 0.0084 ,},
{ 0.1524 , 0.5010 ,-0.1577 ,-0.6327 , 0.3269 ,-0.1746 ,-0.2192 ,-0.0308 , 0.1950 ,},
{-0.4000 , 0.5582 , 0.6019 , 0.1550 , 0.1037 , 0.0373 ,-0.3753 ,-0.4734 , 0.0597 ,},
{ 0.6383 ,-0.2346 ,-0.1399 , 0.2325 ,-0.0303 , 0.0096 ,-0.1046 ,-0.2937 ,-0.0716 ,},
{-0.3780 , 0.4522 , 0.0344 ,-0.4672 ,-0.4179 , 0.0034 , 0.2426 , 0.1249 , 0.0055 ,},
{ 0.8260 , 0.4454 , 0.3924 ,-0.0725 , 0.4299 ,-0.2204 ,-0.4141 ,-0.3277 ,-0.4302 ,},
{-0.3429 ,-0.3987 , 0.4664 ,-0.5331 , 0.2484 ,-0.3123 , 0.3160 , 0.0376 , 0.0565 ,},
{ 1.0496 ,-0.3373 ,-0.1421 ,-0.4567 ,-0.2642 ,-0.1974 , 0.2105 ,-0.0197 ,-0.2262 ,},
{ 0.3631 , 0.7999 , 1.0187 , 0.3389 ,-0.5377 ,-0.4504 ,-0.3702 ,-0.4160 ,-0.2757 ,},
{ 0.3189 , 0.5332 , 0.0740 , 0.1231 ,-0.0787 , 0.0590 ,-0.0462 ,-0.3815 ,-0.2238 ,},
{ 0.5171 , 0.4322 ,-0.5124 ,-0.5615 ,-0.5268 , 0.3224 , 0.1184 , 0.0127 ,-0.0349 ,},
{-0.4040 , 0.8824 ,-0.2396 , 0.0433 ,-0.0204 ,-0.0661 ,-0.0861 ,-0.0296 ,-0.1791 ,},
{ 0.1621 ,-0.0544 ,-0.0778 ,-0.1970 ,-0.0188 ,-0.0327 , 0.6668 ,-0.4128 ,-0.2056 ,},
{ 0.2233 , 1.1825 , 0.2623 ,-0.3683 ,-0.2890 ,-0.2934 ,-0.3515 ,-0.1193 ,-0.1698 ,},
{-0.3718 , 0.0836 , 0.7580 ,-0.3453 ,-0.4783 ,-0.3821 ,-0.1829 ,-0.0679 , 0.4663 ,},
{-0.3708 ,-0.5663 , 0.6442 , 0.1913 ,-0.5688 ,-0.0929 , 0.2543 , 0.1213 , 0.0493 ,},
{-0.2093 ,-0.0174 ,-0.5448 , 0.5746 ,-0.4128 , 0.1593 ,-0.0715 ,-0.0330 , 0.0585 ,},
{-0.0784 ,-0.2950 , 0.5112 , 0.8122 ,-0.1710 , 0.0044 ,-0.4307 ,-0.2253 ,-0.2031 ,},
{ 0.3906 ,-0.0708 ,-0.2650 ,-0.0685 ,-0.0894 ,-0.2195 ,-0.3408 , 0.2966 , 0.0653 ,},
};
